0 0 0 0 0 
0 0 0 0 0 
-2 0 0 0 0 
-2 -7 0 -8 -2 
14 -9 992 -9 21 
-9 -9 179 -9 -7 
14 -9 4230 -9 -9 
2040 -9 2622 -9 74 
-6 317 -9 57 2019 
399 1225 1191 -9 1504 
-9 635 2774 -9 -9 
-9 -8 1242 -9 -9 
-9 -9 -9 -9 -9 
-6 994 0 -2 -4 
0 -2 0 0 0 
0 0 0 0 0 
0 0 0 0 0 
0 0 0 0 0 
0 0 0 0 0 
0 0 0 0 0 
-7 -8 -8 -9 -3 
1403 -9 2394 32 630 
634 -9 1008 1566 1530 
534 -9 -9 -9 -9 
-9 -9 52 -9 897 
0 0 0 0 0 
791 -9 1242 0 94 
21 1031 182 -9 895 
-9 2522 -9 -6 1066 
-9 2818 -9 1734 452 
-9 1793 -9 -7 -9 
-2 -6 0 0 0 
0 0 0 0 0 
0 0 0 0 0 
0 0 0 0 0 
0 0 0 0 0 
0 0 0 0 0 
-3 0 0 0 0 
303 -9 -9 -9 -9 
-9 -9 -9 2274 -9 
2033 -9 -9 1646 -9 
1673 -9 29 3199 1063 
502 -9 240 -9 994 
2573 2616 -3 3772 390 
-9 257 -9 538 490 
-9 39 -9 992 -9 
-9 -9 -9 -9 -9 
-6 791 -6 -2 636 
0 -2 -6 -2 -3 
0 0 0 0 0 
0 0 0 0 0 
-9 -9 -9 -9 -9 
-9 -9 -9 -9 -9 
-9 -9 -9 -9 -9 
-9 -9 406 -9 -9 
12 6 504 -9 995 
97 -9 992 -9 -9 
560 -9 158 -9 -9 
3927 -9 -9 1066 -9 
540 -9 -9 198 -9 
1018 -9 -9 -9 -9 
502 -9 -9 -9 -9 
-9 -9 -9 -9 -9 
-9 -9 -9 -9 -9 
-9 -9 -9 -9 -9 
-9 -9 -9 -9 -9 
-9 -9 -9 -9 -9 
-9 -9 -9 -9 -9 
-6 -9 185 -9 -9 
1046 434 1449 -9 716 
346 146 2648 992 2460 
1160 0 3524 -9 2322 
317 -9 -9 2216 2152 
132 -6 -9 3792 1327 
454 1740 -9 2100 826 
794 -6 -9 1594 198 
251 -9 -9 156 -9 
-9 -9 -9 -9 -9 
-9 -9 -9 -9 -9 
-9 -9 -9 -9 -9 
-9 -9 -9 -9 -9 
992 -9 -9 -9 -9 
-9 -9 3368 -9 -9 
-9 -6 630 -9 11 
-9 202 43 -9 -9 
-9 1577 18 -9 -9 
-9 4257 -9 -2 415 
-9 2408 -9 -9 -9 
-9 1390 -9 -9 -9 
-6 74 -9 -9 -9 
-9 -9 -9 -9 -9 
-9 -9 -9 -9 -9 
-9 -9 -9 -9 -9 
-9 -9 -9 -9 -9 
6 -9 -9 -9 -9 
-9 -9 700 -9 -9 
-9 616 -9 317 -9 

0 0 0 0 0 
0 0 0 0 0 
0 0 0 0 0 
1800 0 0 0 0 
3272 0 0 0 0 
3879 0 0 0 0 
3118 0 0 0 0 
0 0 0 0 0 
0 0 4756 0 0 
0 0 0 0 0 
0 2029 0 0 0 
0 4999 0 0 0 
0 4999 0 0 0 
1000 0 0 0 0 
0 0 0 0 0 
0 0 0 0 0 
0 0 0 0 0 
0 0 0 0 0 
0 0 0 0 0 
0 0 0 0 0 
3148 0 0 0 0 
3703 0 0 0 0 
4558 0 1 0 0 
4996 0 0 0 0 
4999 1250 0 0 0 
0 0 0 0 0 
0 4296 0 703 0 
0 4999 0 0 0 
0 4449 0 0 0 
0 1142 0 0 0 
0 0 0 0 0 
0 0 0 0 0 
0 0 0 0 0 
0 0 0 0 0 
0 0 0 0 0 
0 0 0 0 0 
0 0 0 0 0 
1000 0 0 0 0 
4804 0 0 0 0 
3032 0 0 0 0 
3622 0 0 0 0 
20 0 0 3851 0 
0 0 0 4359 0 
0 0 0 4169 0 
0 3987 0 0 0 
0 3940 0 0 0 
0 3189 0 0 0 
0 0 0 0 0 
0 0 0 0 0 
0 0 0 0 0 
0 0 0 0 0 
0 78 1410 0 409 
0 0 1694 0 0 
0 0 1914 0 0 
0 0 3707 0 0 
0 0 3804 0 0 
0 0 2923 50 0 
0 0 924 0 0 
0 0 0 4913 0 
0 0 0 3824 0 
0 5 0 3182 0 
0 0 0 1295 0 
0 0 0 580 0 
0 31 256 187 0 
0 78 0 667 0 
0 640 2422 0 204 
102 0 1948 0 0 
0 0 1672 0 0 
0 0 2977 0 0 
0 0 4964 0 0 
0 0 4980 0 0 
0 0 4324 0 0 
0 0 0 3595 0 
0 0 0 3889 0 
0 0 0 2979 0 
0 800 0 2532 0 
0 0 0 1819 0 
0 0 0 1939 0 
0 800 0 1739 0 
24 35 0 0 1042 
0 16 2481 20 5 
0 0 1736 130 0 
0 0 1520 0 0 
0 0 2718 0 0 
0 0 2700 0 0 
0 0 2386 0 0 
0 0 0 3940 0 
0 0 0 3907 0 
0 0 0 4963 0 
0 0 409 2408 0 
80 0 0 2272 50 
124 0 1 290 0 
0 108 0 276 0 
0 0 0 0 0 
0 0 0 163 0 
0 0 0 0 0 
0 0 0 0 0 
