-9 2495 -9 80 2495 
-5 616 -9 0 -8 
0 0 0 0 0 
0 0 0 0 0 
0 0 0 0 0 
0 0 0 0 0 
-5 -9 -9 -5 -7 
0 0 0 0 -5 
-9 -7 -7 -7 -8 
146 -9 2729 -6 -9 
1242 -8 -7 616 -9 
-7 -9 -5 -9 -9 
-9 9 68 303 303 
-9 -9 -9 3592 -9 
-8 -9 43 -9 -9 
690 -9 -9 -9 1714 
663 -9 -9 2534 -9 
-9 -9 -9 -9 -9 
-9 -9 -9 -9 -9 
-9 -9 -9 -9 -9 
2 -9 -9 -9 -9 
0 -9 -9 -9 -9 
2723 -9 2652 -9 1 
-8 -8 68 -9 626 
381 -9 68 3748 725 
637 -9 -9 0 -9 
147 -9 -9 -9 -9 
1320 -9 -9 -9 -9 
-9 0 -9 -9 -7 
-9 -9 -9 -9 -9 
-9 -9 -9 -9 -9 
-9 -9 -9 -9 -9 
12 -9 1409 -9 -9 
2514 -9 76 -9 166 
-7 303 795 -9 632 
616 -9 2495 -9 224 
-5 2495 303 616 151 
-9 616 -9 3518 -9 
-9 -9 -9 4504 4071 
0 146 -9 4144 616 
-9 -9 -9 -9 -9 
-9 -9 -9 -9 -9 
-9 -9 -9 -9 -9 
-9 -9 -9 -9 -9 
-9 9 146 -9 -9 
-9 10 -9 -9 -9 
-8 1344 1399 -9 -9 
616 1092 308 -9 -9 
-8 68 -9 -9 617 
1242 87 2514 1878 3789 
-5 604 -9 2651 68 
-9 352 -9 303 -9 
-9 -9 -9 -9 -9 
-9 -7 -9 -9 -5 
-9 -9 -9 -9 -9 
-9 11 3943 -9 -9 
-9 2514 -9 -9 655 
303 303 -5 2495 616 
-9 1242 -5 -9 146 
-9 -8 -9 322 2583 
-9 68 -9 303 29 
-7 -9 616 -9 -9 
-9 -7 616 -9 2496 
0 0 0 -9 0 
0 0 0 0 0 
-8 -9 0 -7 0 
0 0 0 0 0 
0 0 0 0 0 
0 0 0 0 0 
0 0 0 0 0 

0 0 9 4604 1250 
1250 0 0 0 0 
0 0 0 0 0 
2500 0 0 0 0 
0 0 0 0 0 
0 0 0 0 0 
3750 0 0 0 0 
0 0 0 0 0 
4687 0 0 0 0 
4658 0 0 0 0 
4960 0 0 0 0 
3740 0 0 0 0 
4920 0 0 0 0 
4999 0 1 0 0 
4949 0 46 0 0 
2480 0 17 0 0 
3851 0 0 0 0 
0 0 782 9 1 
0 0 112 0 0 
0 0 3973 0 0 
0 0 4974 0 0 
0 0 1140 0 0 
0 0 322 0 0 
4921 0 78 0 0 
0 0 0 2573 0 
0 0 0 2261 0 
0 0 0 4995 0 
0 1250 625 4370 0 
0 0 0 1212 0 
312 0 0 528 0 
5 0 1812 0 4 
0 0 4999 0 0 
0 0 2495 0 0 
0 0 4687 0 0 
0 0 2499 0 0 
0 0 4372 0 0 
0 0 0 4999 0 
0 0 0 4999 0 
0 9 0 4990 0 
39 0 0 4843 0 
1250 9 0 4999 0 
3 0 322 4179 0 
0 0 7 0 49 
78 0 396 312 0 
0 0 4676 0 0 
0 0 1984 0 0 
0 0 4332 0 0 
0 312 1960 0 0 
0 4687 0 0 0 
0 0 0 263 0 
0 0 625 4499 0 
0 0 0 4687 0 
0 0 0 2460 2587 
2 0 0 775 0 
1 0 78 0 0 
0 4862 0 0 0 
0 4980 0 0 0 
0 2988 0 0 0 
0 2500 0 0 0 
0 2500 0 0 0 
0 4843 156 0 0 
0 0 0 0 0 
0 0 0 0 0 
0 0 0 0 0 
0 0 0 0 0 
0 0 0 0 0 
0 0 0 0 0 
0 0 0 0 0 
0 0 0 0 0 
0 0 0 0 0 
