0 0 0 0 0 
0 0 0 0 0 
0 0 0 0 0 
0 -7 0 -8 0 
14 -9 992 -9 21 
-9 -9 179 -9 -7 
14 -9 4230 -9 -9 
2040 -9 2622 -9 74 
-6 317 -9 57 2019 
399 1225 1191 -9 1504 
-9 635 2774 -9 -9 
-9 -8 1242 -9 -9 
-9 -9 -9 -9 -9 
-5 -7 0 0 0 
0 0 0 0 0 
0 0 0 0 0 
0 0 0 0 0 
0 0 0 0 0 
0 0 0 0 0 
0 0 0 0 0 
-7 -8 -8 -9 0 
1403 -9 2394 32 630 
634 -9 1008 1566 1530 
534 -9 -9 -9 -9 
-9 -9 52 -9 897 
0 0 0 0 0 
791 -9 1242 0 94 
21 1031 182 -9 1122 
-9 2522 -9 -6 1066 
-9 2818 -9 1734 452 
-9 992 -9 -7 -9 
0 0 0 0 0 
0 0 0 0 0 
0 0 0 0 0 
0 0 0 0 0 
0 0 0 0 0 
0 0 0 0 0 
0 0 0 0 0 
303 -9 -9 -9 -9 
-9 -9 -9 2274 -9 
2033 -9 -9 1646 -9 
1673 -9 29 3199 1063 
502 -9 240 -9 994 
2573 2616 -3 3772 390 
-9 257 -9 538 490 
-9 39 -9 992 -9 
-9 -9 -9 -9 -9 
-5 -9 0 0 0 
0 0 0 0 0 
0 0 0 0 0 
0 0 0 0 0 
-9 -9 -9 -9 -9 
-9 -9 -9 -9 -9 
-9 -9 -9 -9 -9 
-9 -9 406 -9 -9 
12 6 504 -9 995 
97 -9 992 -9 -9 
560 -9 158 -9 -9 
3927 -9 -9 1066 -9 
540 -9 -9 399 -9 
1018 -9 -9 -9 -9 
630 -9 -9 -9 -9 
-9 -9 -9 -9 -9 
-9 -9 -9 -9 -9 
-9 -9 -9 -9 -9 
-9 -9 -9 -9 -9 
-9 -9 -9 -9 -9 
-9 -9 -9 -9 -9 
-6 -9 295 -9 -9 
58 545 885 -9 898 
862 376 2648 -9 2460 
1160 0 3524 -9 2322 
317 -9 -9 2216 2152 
269 -6 -9 3491 2080 
715 1740 -9 2100 1036 
-6 -6 -9 743 317 
791 -9 -9 251 -9 
-9 -9 -9 -9 -9 
-9 -9 -9 -9 -9 
-9 -9 -9 -9 -9 
-9 -9 -9 -9 -9 
-9 -9 -9 -9 -9 
-9 -9 3368 -9 -9 
-9 -6 630 -9 11 
-9 202 74 -9 -9 
-9 1577 18 -9 -9 
-9 4257 -9 -2 415 
-9 2408 -9 -9 -9 
-9 927 -9 -9 -9 
-6 95 -9 -9 -9 
-9 -9 -9 -9 -9 
-9 -9 -9 -9 -9 
-9 -9 -9 -9 -9 
-9 -9 -9 -9 -9 
6 -9 -9 -9 -9 
-9 -9 700 -9 -9 
-9 616 -9 317 -9 

0 0 0 0 0 
0 0 0 0 0 
0 0 0 0 0 
0 0 0 0 0 
2841 0 0 0 0 
3879 0 0 0 0 
3118 0 0 0 0 
0 0 0 0 0 
0 0 4756 0 0 
0 0 0 0 0 
0 3965 0 0 0 
0 4999 0 0 0 
0 4999 0 0 0 
0 0 0 0 0 
0 0 0 0 0 
0 0 0 0 0 
0 0 0 0 0 
0 0 0 0 0 
0 0 0 0 0 
0 0 0 0 0 
4919 0 0 0 0 
3703 0 0 0 0 
4558 0 1 0 0 
4996 0 0 0 0 
4999 1250 0 0 0 
0 0 0 0 0 
0 4296 0 703 0 
0 4999 0 0 0 
0 4449 0 0 0 
0 1142 0 0 0 
0 0 0 0 0 
0 0 0 0 0 
0 0 0 0 0 
0 0 0 0 0 
0 0 0 0 0 
0 0 0 0 0 
0 0 0 0 0 
0 0 0 0 0 
4804 0 0 0 0 
3032 0 0 0 0 
4528 0 0 0 0 
20 0 0 3851 0 
0 0 0 4199 0 
0 0 0 4169 0 
0 3987 0 0 0 
0 3940 0 0 0 
0 4984 0 0 0 
0 0 0 0 0 
0 0 0 0 0 
0 0 0 0 0 
0 0 0 0 0 
0 78 1763 0 409 
0 0 1694 0 0 
0 0 1143 0 0 
0 0 2476 0 0 
0 0 3804 0 0 
0 0 4568 50 0 
0 0 924 0 0 
0 0 0 4913 0 
0 0 0 4780 0 
0 5 0 3182 0 
0 0 0 369 0 
0 0 0 908 0 
0 31 320 187 0 
0 78 0 834 0 
0 640 1920 0 204 
102 0 1246 0 0 
0 0 2836 0 0 
0 0 3477 0 0 
0 0 4917 0 0 
0 0 4971 0 0 
0 0 4324 0 0 
0 0 0 4368 0 
0 0 0 2832 0 
0 0 0 4569 0 
0 1000 0 4076 0 
0 0 0 3285 0 
0 0 0 2296 0 
0 800 0 1739 0 
24 35 0 0 53 
0 16 1294 20 5 
0 0 1463 130 0 
0 0 1520 0 0 
0 0 4248 0 0 
0 0 3323 0 0 
0 0 2386 0 0 
0 0 0 3940 0 
0 0 0 4884 0 
0 0 0 4963 0 
0 0 409 2200 0 
80 0 0 2840 50 
124 0 1 711 0 
0 108 0 276 0 
0 0 0 0 0 
0 0 0 204 0 
0 0 0 0 0 
0 0 0 0 0 
